9.738000
9.723000
9.723000
8.819000
4.068000
4.046000
4.054000
4.026000
4.028000
4.040000
4.034000
4.073000
6.561000
6.382000
6.203000
6.067000
5.897000
5.745000
5.619000
5.483000
5.363000
5.223000
5.113000
5.016000
4.915000
4.810000
4.711000
4.615000
4.526000
4.432000
4.359000
4.265000
4.200000
4.132000
4.068000
3.985000
3.910000
3.860000
3.784000
3.729000
3.675000
3.614000
3.569000
3.511000
3.397000
3.332000
3.271000
3.229000
3.202000
3.195000
3.213000
3.207000
3.211000
3.199000
3.206000
3.219000
3.218000
3.223000
3.232000
3.215000
3.236000
3.239000
3.239000
3.252000
3.236000
3.235000
3.237000
3.236000
3.193000
3.140000
3.136000
3.133000
3.137000
2.987000
2.473000
2.329000
2.298000
2.314000
2.323000
2.303000
2.276000
2.240000
2.227000
2.217000
2.190000
2.163000
2.150000
2.127000
2.120000
2.104000
2.074000
2.061000
2.043000
2.018000
2.014000
1.990000
1.989000
1.972000
1.944000
1.921000
1.923000
1.893000
1.888000
1.856000
1.859000
1.849000
1.826000
1.827000
1.799000
1.794000
1.780000
1.762000
1.735000
1.708000
1.715000
1.684000
1.696000
1.685000
1.685000
1.695000
1.706000
1.699000
1.707000
1.714000
1.721000
1.725000
1.712000
1.734000
1.725000
1.736000
1.725000
1.737000
1.734000
1.740000
1.749000
1.753000
1.750000
1.754000
1.759000
1.763000
1.767000
1.763000
1.785000
1.779000
1.788000
1.783000
1.773000
1.775000
1.764000
1.745000
1.736000
1.724000
1.726000
1.717000
1.699000
1.689000
1.688000
1.684000
1.669000
1.653000
1.644000
1.647000
1.636000
1.640000
1.634000
1.616000
1.616000
1.593000
1.607000
1.601000
1.581000
1.570000
1.565000
1.566000
1.561000
1.547000
1.549000
1.527000
1.526000
1.519000
1.508000
1.509000
1.518000
1.497000
1.512000
1.492000
1.476000
1.471000
1.475000
1.470000
1.461000
1.454000
1.443000
1.449000
1.433000
1.426000
1.430000
1.424000
1.424000
1.403000
1.419000
1.400000
1.419000
1.400000
1.392000
1.399000
1.392000
1.362000
1.373000
1.352000
1.355000
1.364000
1.373000
1.377000
1.363000
1.357000
1.357000
1.359000
1.356000
1.351000
1.427000
1.339000
1.325000
1.343000
1.317000
1.323000
1.324000
1.315000
1.310000
1.305000
1.295000
1.291000
1.372000
1.268000
1.224000
1.002000
0.995000
0.995000
0.972000
0.990000
0.974000
0.968000
0.998000
0.966000
0.975000
0.959000
0.951000
0.965000
0.962000
0.948000
0.960000
0.947000
0.954000
0.947000
0.942000
0.924000
0.955000
0.933000
0.938000
0.946000
0.940000
0.931000
0.937000
0.932000
0.936000
0.928000
0.923000
0.931000
0.921000
0.913000
0.917000
0.925000
0.908000
0.901000
0.910000
0.894000
0.895000
0.897000
0.893000
0.894000
0.903000
0.901000
0.892000
0.889000
0.902000
0.885000
0.892000
0.909000
0.903000
0.892000
0.901000
0.895000
0.901000
0.875000
0.885000
0.889000
0.889000
0.882000
0.884000
0.885000
0.864000
0.870000
0.877000
0.893000
0.863000
0.868000
0.878000
0.862000
0.868000
0.875000
0.858000
0.871000
0.858000
0.847000
0.869000
0.855000
0.847000
0.854000
0.847000
0.856000
0.845000
0.836000
0.853000
0.853000
0.842000
0.867000
0.828000
0.837000
0.836000
0.841000
0.836000
0.834000
0.835000
0.839000
0.822000
0.849000
0.840000
0.815000
0.838000
0.823000
0.825000
0.831000
0.826000
0.823000
0.832000
0.834000
0.816000
0.845000
0.805000
0.822000
0.825000
0.833000
0.819000
0.800000
0.830000
0.818000
0.803000
0.816000
0.833000
0.802000
0.824000
0.813000
0.823000
0.826000
0.798000
0.822000
0.812000
0.811000
0.814000
0.800000
0.817000
0.801000
0.795000
0.808000
0.812000
0.810000
0.808000
0.797000
0.801000
0.812000
0.809000
0.808000
0.802000
0.807000
0.802000
0.789000
0.807000
0.808000
0.801000
0.792000
0.820000
0.807000
0.789000
0.789000
0.807000
0.796000
0.801000
0.792000
0.805000
0.799000
0.788000
0.794000
0.783000
0.804000
0.801000
0.786000
0.803000
0.794000
0.801000
0.809000
0.790000
0.789000
0.795000
0.799000
0.783000
0.797000
0.797000
0.802000
0.785000
0.794000
0.804000
0.787000
0.793000
0.779000
0.781000
0.794000
0.789000
0.794000
0.802000
0.790000
0.808000
0.785000
0.775000
0.798000
0.807000
0.792000
0.784000
0.789000
0.804000
0.792000
0.788000
0.774000
0.796000
0.805000
0.795000
0.787000
0.789000
0.783000
0.790000
0.797000
0.804000
0.785000
0.802000
0.805000
0.800000
0.800000
0.798000
0.797000
0.802000
0.812000
0.797000
0.801000
0.797000
0.811000
0.789000
0.801000
0.798000
0.809000
0.794000
0.798000
0.793000
0.809000
0.786000
0.795000
0.804000
0.783000
0.813000
0.801000
0.795000
0.788000
0.786000
0.811000
0.815000
0.819000
0.797000
0.807000
0.827000
0.802000
0.815000
0.822000
0.802000
0.812000
0.809000
0.811000
0.818000
0.803000
0.807000
0.794000
0.789000
0.818000
0.816000
0.810000
0.830000
0.818000
0.812000
0.823000
0.826000
0.826000
0.811000
0.811000
0.832000
0.817000
0.812000
0.842000
0.817000
0.833000
0.835000
0.836000
0.831000
0.827000
0.831000
0.838000
0.816000
0.835000
0.834000
0.846000
0.859000
0.854000
0.843000
0.851000
0.862000
0.855000
0.847000
0.850000
0.863000
0.858000
0.865000
0.867000
0.842000
0.866000
0.849000
0.871000
0.857000
0.868000
0.870000
0.861000
0.883000
0.858000
0.871000
0.888000
0.874000
0.867000
0.883000
0.878000
0.881000
0.883000
0.883000
0.883000
0.887000
0.871000
0.882000
0.897000
0.897000
0.901000
0.884000
0.892000
0.893000
0.915000
0.913000
0.919000
0.894000
0.902000
0.917000
0.913000
0.907000
0.914000
0.917000
0.912000
0.921000
0.914000
0.925000
0.933000
0.933000
0.934000
0.931000
0.940000
0.930000
0.953000
0.940000
0.945000
0.951000
0.948000
0.944000
0.950000
0.950000
0.955000
0.966000
0.976000
0.958000
0.962000
0.978000
0.959000
0.969000
0.969000
0.982000
0.980000
0.963000
0.993000
0.982000
0.992000
0.994000
0.992000
0.999000
1.008000
1.004000
1.020000
1.023000
1.023000
1.023000
1.010000
1.038000
1.025000
1.020000
1.036000
1.037000
1.020000
1.049000
1.041000
1.053000
1.046000
1.058000
1.060000
1.049000
1.076000
1.067000
1.078000
1.069000
1.069000
1.066000
1.092000
1.093000
1.100000
1.095000
1.110000
1.117000
1.104000
1.126000
1.122000
1.103000
1.127000
1.134000
1.134000
1.127000
1.138000
1.135000
1.148000
1.148000
1.162000
1.161000
1.164000
1.165000
1.177000
1.171000
1.186000
1.187000
1.188000
1.191000
1.197000
1.201000
1.215000
1.211000
1.220000
1.221000
1.220000
1.237000
1.247000
1.247000
1.244000
1.254000
1.266000
1.251000
1.276000
1.276000
1.286000
1.283000
1.296000
1.301000
1.306000
1.304000
1.320000
1.318000
1.319000
1.331000
1.346000
1.341000
1.361000
1.360000
1.372000
1.376000
1.391000
1.410000
1.394000
1.405000
1.399000
1.425000
1.428000
1.430000
1.431000
1.441000
1.458000
1.452000
1.463000
1.457000
1.499000
1.499000
1.484000
1.526000
1.518000
1.526000
1.533000
1.543000
1.548000
1.557000
1.575000
1.581000
1.594000
1.606000
1.620000
1.606000
1.629000
1.653000
1.661000
1.658000
1.679000
1.672000
1.683000
1.701000
1.720000
1.723000
1.740000
1.755000
1.764000
1.778000
1.781000
1.798000
1.824000
1.827000
1.842000
1.858000
1.856000
1.878000
1.888000
1.914000
1.922000
1.935000
1.948000
1.971000
1.981000
1.995000
2.024000
2.046000
2.045000
2.072000
2.073000
2.103000
2.120000
2.133000
2.173000
2.180000
2.190000
2.221000
2.234000
2.241000
2.267000
2.292000
2.326000
2.342000
2.363000
2.382000
2.407000
2.432000
2.457000
2.488000
2.511000
2.541000
2.557000
2.583000
2.612000
2.632000
2.675000
2.698000
2.724000
2.769000
2.793000
2.835000
2.861000
2.893000
2.933000
2.972000
3.006000
3.068000
3.089000
3.103000
3.114000
3.131000
3.176000
3.220000
3.287000
4.187000
4.184000
4.184000
4.184000
4.165000
4.180000
4.170000
4.184000
4.170000
4.168000
4.161000
4.170000
4.145000
4.146000
4.162000
4.312000
4.405000
4.508000
4.585000
4.677000
4.771000
4.874000
4.990000
5.093000
5.193000
6.882000
6.872000
6.873000
6.854000
6.867000
6.867000
6.860000
6.855000
6.854000
6.849000
6.856000
6.858000
6.845000
6.835000
6.823000
6.829000
6.830000
6.829000
6.838000
6.814000
6.819000
6.813000
6.821000
6.826000
6.819000
6.814000
6.805000
6.799000
6.796000
6.795000
6.787000
6.792000
6.772000
6.795000
6.789000
6.777000
6.987000
6.985000
6.977000
6.973000
6.992000
6.988000
6.995000
6.988000
6.997000
7.000000
7.003000
6.999000
7.008000
6.982000
6.986000
6.985000
6.989000
6.992000
6.992000
6.989000
6.993000
6.980000
7.000000
6.985000
6.994000
7.001000
6.991000
7.005000
7.008000
7.000000
6.997000
7.008000
7.004000
7.011000
7.010000
7.011000
7.009000
6.824000
6.802000
6.843000
6.836000
6.843000
6.847000
6.850000
6.862000
6.858000
6.863000
6.850000
6.859000
6.870000
6.870000
6.871000
6.862000
6.875000
6.887000
6.898000
6.887000
7.669000
7.699000
7.701000
5.182000
5.079000
4.979000
4.899000
4.818000
4.745000
4.664000
4.580000
4.503000
4.436000
4.408000
4.430000
4.438000
4.443000
4.442000
4.451000
4.458000
4.474000
4.463000
4.449000
4.470000
4.470000
4.482000
4.480000
4.477000
4.485000
4.494000
4.505000
4.515000
4.507000
4.506000
4.532000
4.531000
4.528000
4.545000
4.538000
4.553000
4.548000
4.570000
4.563000
4.554000
4.590000
4.575000
4.586000
4.593000
4.606000
4.594000
4.605000
4.612000
4.624000
4.635000
4.641000
4.648000
4.649000
4.643000
4.599000
4.551000
4.517000
4.476000
4.434000
2.726000
0.000000
0.000000
2.631000
2.612000
2.562000
2.550000
0.000000
0.000000
2.432000
2.419000
2.398000
2.367000
2.338000
2.334000
0.000000
2.275000
2.274000
2.271000
2.275000
2.288000
2.274000
2.270000
2.277000
2.288000
2.284000
2.299000
2.294000
2.285000
2.304000
2.283000
2.101000
1.945000
1.949000
1.942000
1.931000
1.941000
1.939000
1.977000
2.022000
2.040000
2.047000
2.089000
2.111000
2.131000
2.132000
2.145000
2.153000
2.165000
2.186000
2.204000
2.206000
2.220000
2.216000
2.240000
2.247000
2.250000
2.247000
2.248000
2.236000
2.158000
2.075000
2.063000
2.053000
2.032000
2.024000
2.037000
2.011000
2.001000
2.002000
1.970000
1.969000
1.778000
1.775000
1.756000
1.756000
1.747000
1.874000
2.133000
2.131000
2.120000
2.151000
2.137000
2.117000
2.120000
2.116000
2.123000
1.666000
1.445000
1.436000
1.430000
1.428000
1.434000
1.475000
1.568000
1.526000
1.445000
1.441000
1.445000
1.421000
1.436000
1.442000
1.493000
1.499000
1.480000
1.472000
1.494000
1.510000
1.559000
1.648000
1.649000
1.637000
1.638000
1.648000
1.644000
1.658000
1.661000
1.662000
1.681000
1.672000
1.672000
1.673000
1.651000
1.645000
1.625000
1.619000
1.608000
1.615000
1.617000
1.588000
1.591000
1.611000
1.599000
1.598000
1.597000
1.600000
1.591000
1.608000
1.611000
1.636000
1.627000
1.644000
1.635000
1.681000
1.686000
1.711000
1.750000
1.840000
2.036000
2.100000
2.036000
1.882000
1.844000
1.835000
1.838000
1.876000
1.975000
1.885000
1.770000
1.749000
1.749000
1.753000
1.747000
1.855000
2.031000
2.045000
2.029000
2.032000
2.028000
2.013000
2.008000
2.019000
2.002000
1.991000
2.008000
2.004000
1.997000
1.989000
1.974000
1.983000
1.963000
1.989000
1.964000
1.958000
1.974000
1.964000
1.956000
1.957000
1.948000
1.943000
1.932000
1.921000
1.932000
1.916000
1.922000
1.904000
1.913000
1.918000
1.903000
1.891000
1.901000
1.896000
1.886000
1.886000
1.885000
1.874000
1.881000
1.862000
1.864000
1.866000
1.867000
1.874000
1.841000
1.859000
1.844000
1.852000
1.855000
1.836000
1.835000
1.837000
1.837000
1.834000
1.827000
1.831000
1.813000
1.821000
1.819000
1.820000
1.818000
1.799000
1.807000
1.809000
1.813000
1.799000
1.804000
1.780000
1.807000
1.784000
1.796000
1.791000
1.766000
1.789000
1.775000
1.782000
1.773000
1.785000
1.768000
1.765000
1.775000
1.758000
1.755000
1.766000
1.756000
1.757000
1.765000
1.760000
1.754000
1.757000
1.754000
1.761000
1.748000
1.730000
1.742000
1.741000
1.738000
1.746000
1.737000
1.741000
1.731000
1.729000
1.717000
1.736000
1.717000
1.727000
1.715000
1.725000
1.729000
1.717000
1.730000
1.710000
1.722000
1.719000
1.710000
1.717000
1.700000
1.720000
1.721000
1.704000
1.704000
1.700000
1.709000
1.700000
1.707000
1.694000
1.704000
1.690000
1.673000
1.664000
1.587000
1.141000
1.095000
1.093000
1.098000
1.084000
1.102000
1.164000
1.184000
1.228000
1.275000
1.315000
1.336000
1.372000
1.425000
1.483000
1.508000
1.564000
1.551000
1.571000
1.541000
1.562000
1.561000
1.568000
1.568000
1.559000
1.568000
1.554000
1.568000
1.547000
1.550000
1.551000
1.543000
1.571000
1.555000
1.540000
1.562000
1.558000
1.565000
1.574000
1.555000
1.553000
1.561000
1.555000
1.558000
1.561000
1.567000
1.555000
1.563000
1.557000
1.555000
1.551000
1.559000
1.569000
1.561000
1.568000
1.555000
1.564000
1.536000
1.551000
1.571000
1.558000
1.565000
1.557000
1.574000
1.573000
1.559000
1.562000
1.571000
1.573000
1.569000
1.556000
1.570000
1.572000
1.549000
1.574000
1.557000
1.572000
1.568000
1.570000
1.558000
1.373000
1.302000
1.300000
1.474000
1.554000
1.555000
1.536000
1.458000
1.369000
1.271000
1.192000
1.122000
1.092000
1.069000
1.073000
1.072000
1.054000
1.026000
1.045000
1.021000
1.036000
1.036000
1.039000
1.002000
0.935000
0.907000
0.914000
0.914000
0.908000
0.909000
0.920000
0.923000
0.923000
0.918000
0.995000
1.013000
1.019000
1.030000
1.008000
1.044000
1.038000
1.034000
1.055000
1.046000
1.060000
1.075000
1.048000
1.059000
1.073000
1.068000
1.073000
1.096000
1.070000
1.091000
1.093000
1.097000
1.105000
1.088000
1.112000
1.107000
1.124000
1.118000
1.105000
1.108000
1.113000
1.132000
1.123000
1.113000
1.128000
1.113000
1.132000
1.149000
1.137000
1.131000
1.137000
1.144000
1.164000
1.145000
1.141000
1.115000
1.133000
1.132000
1.119000
1.120000
1.150000
1.125000
1.128000
1.143000
1.113000
1.137000
1.125000
1.140000
1.129000
1.120000
1.128000
1.130000
1.132000
1.133000
1.130000
1.138000
1.127000
1.133000
1.128000
1.123000
1.129000
1.137000
1.130000
1.138000
1.167000
1.152000
1.155000
1.167000
1.161000
1.208000
1.209000
1.258000
1.280000
1.305000
1.271000
1.309000
1.289000
1.295000
1.297000
1.288000
1.241000
1.143000
1.156000
1.141000
1.209000
1.237000
1.148000
1.139000
1.149000
1.252000
1.522000
1.710000
1.725000
1.728000
1.723000
1.710000
1.720000
1.700000
1.703000
1.690000
1.684000
1.676000
1.663000
1.668000
1.651000
1.661000
1.632000
1.620000
1.626000
1.616000
1.624000
1.600000
1.582000
1.599000
1.578000
1.590000
1.555000
1.548000
1.543000
1.557000
1.541000
1.525000
1.544000
1.530000
1.510000
1.514000
1.496000
1.513000
1.490000
1.479000
1.476000
1.486000
1.499000
1.721000
2.111000
2.116000
2.130000
2.126000
2.113000
2.097000
2.092000
2.089000
2.065000
2.078000
2.070000
2.069000
2.043000
2.043000
2.047000
2.040000
2.030000
2.018000
2.009000
2.008000
2.001000
1.988000
1.980000
1.980000
1.971000
1.970000
1.984000
1.955000
1.953000
1.943000
1.939000
1.943000
1.922000
1.928000
1.913000
1.924000
1.905000
1.904000
1.886000
1.885000
1.889000
1.870000
1.870000
1.876000
1.870000
1.848000
1.847000
1.864000
1.835000
1.840000
1.832000
1.822000
1.805000
1.820000
1.816000
1.803000
1.812000
1.803000
1.798000
1.794000
1.793000
1.787000
1.769000
1.768000
1.768000
1.778000
1.771000
1.760000
1.755000
1.766000
1.767000
1.784000
1.787000
1.806000
1.807000
1.828000
1.843000
1.854000
1.859000
1.856000
1.878000
1.886000
1.899000
1.931000
1.941000
1.946000
1.955000
1.960000
1.981000
1.997000
1.992000
2.020000
2.024000
2.060000
2.053000
2.077000
2.069000
2.102000
2.125000
2.122000
2.129000
2.157000
2.166000
2.193000
2.209000
2.224000
2.248000
2.252000
2.269000
2.286000
2.306000
2.323000
2.345000
2.363000
2.380000
2.403000
2.421000
2.434000
4.422000
4.455000
4.475000
4.527000
4.570000
4.606000
4.652000
4.685000
4.732000
4.779000
4.821000
4.868000
4.904000
4.968000
5.004000
5.051000
5.109000
5.158000
5.222000
5.268000
5.314000
5.376000
5.430000
5.489000
5.550000
5.611000
5.676000
5.732000
5.800000
5.866000
5.962000
6.010000
6.092000
6.165000
6.241000
6.327000
6.404000
6.487000
6.568000
6.655000
6.747000
6.832000
6.816000
6.196000
6.164000
6.150000
6.152000
6.144000
6.145000
6.137000
6.135000
6.125000
6.148000
6.149000
6.152000
6.155000
6.148000
6.140000
6.132000
6.142000
6.143000
6.142000
6.153000
6.163000
6.196000
6.220000
0.000000
7.161000
7.210000
7.178000
7.274000
7.210000
7.466000
7.667000
8.190000
8.187000
8.181000
8.174000
8.171000
8.159000
8.280000
8.533000
8.817000
9.111000
4.044000
4.018000
4.024000
3.994000
3.997000
3.998000
4.007000
4.012000
4.066000
4.117000
14.421000
15.246000
17.257000
17.240000
4.158000
4.135000
4.110000
4.128000
4.123000
4.135000
4.155000
4.152000
4.154000
4.205000
17.430000
17.436001
17.433001
17.408001
17.367001
17.204000
17.205000
17.195999
17.195999
17.215000
17.219999
17.230000
17.222000
17.223000
17.212999
17.231001
17.229000
17.240999
17.243000
17.245001
4.282000
4.281000
4.267000
4.273000
4.293000
4.290000
4.311000
10.393000
